>> rotation

R =

  3×3 single 矩阵

       0.9929191     0.008667383      -0.1184748
    -0.006947316       0.9998645       0.0149233
       0.1185879     -0.01399481       0.9928448


angle =

  single

        6.872838


angle2 =

          6.87308119034091


R =

          0.99291862232813        0.0086789493496127        0.0145184108601235
        0.0086789493496127         0.999864376327011        0.0149267425976482
          -1.9927569353339        0.0149267425976482         0.992844351891689


angle =

          6.87308119034088